% -------------------------------------------------------------------
%  Generated by MATLAB on 4-Oct-2020 22:55:54
%  MATLAB version: 8.5.0.197613 (R2015a)
% -------------------------------------------------------------------
                            

A = ...
  [1 3 2;
   0 5 1;
   4 2 3];

Ainv = ...
  [-0.8666666666666667 0.33333333333333337 0.46666666666666667;
   -0.26666666666666666 0.33333333333333337 0.066666666666666666;
   1.3333333333333333 -0.66666666666666663 -0.33333333333333331];

B = ...
  [2 0 4;
   1 5 2;
   2 4 3];

C = ...
  [9 23 16;
   7 29 13;
   16 22 29];

D = ...
  [2 3;
   4 5;
   6 7];

ans = ...
  [1 3 2 2 3;
   0 5 1 4 5;
   4 2 3 6 7];

